<?xml version="1.0"?>
<opencv_storage>
<mtx type_id="opencv-matrix">
  <rows>3</rows>
  <cols>3</cols>
  <dt>d</dt>
  <data>
    3.1478385071041879e+02 0. 3.0006730125532567e+02 0.
    3.1187897421155998e+02 2.2493229538946008e+02 0. 0. 1.</data></mtx>
<dist type_id="opencv-matrix">
  <rows>5</rows>
  <cols>1</cols>
  <dt>d</dt>
  <data>
    1.0292662340671473e-02 -5.5559065318501653e-02
    1.7419260974399105e-03 -4.4502380340430273e-04
    1.5858031848003877e-02</data></dist>
</opencv_storage>
